64

33 15 36 30 0 0 57 61 40 0 0 18 31 64 2 13 19 29 41 55 21 12 20 39 4 7 34 8 23 0 50 63 24 0 0 17 0 10 11 0 52 25 1 49 0 58 22 38 0 60 26 14 16 6 9 5 0 0 46 0 28 27 42 51
35 18 64 0 40 0 31 2 29 39 41 21 55 20 0 12 48 45 54 11 0 17 24 10 0 46 0 28 3 27 42 51 6 16 5 26 37 9 60 14 15 56 57 30 0 61 0 36 63 4 7 53 0 50 8 0 59 1 49 58 22 52 0 25
34 53 50 7 63 0 4 0 51 28 44 27 47 42 3 46 58 25 59 0 0 0 38 22 55 0 41 39 19 0 20 29 36 61 0 30 0 0 57 15 0 37 60 26 5 16 9 6 0 0 13 18 2 0 62 35 54 11 17 48 0 43 0 0
5 0 6 26 37 9 60 16 0 0 0 53 4 50 0 0 0 51 44 47 27 46 42 28 0 0 35 62 2 18 0 0 38 0 59 0 25 22 1 52 43 45 11 17 54 48 0 0 56 57 30 0 61 36 0 0 0 55 12 19 39 21 20 29
0 52 38 49 25 22 1 58 56 32 33 15 57 36 0 30 2 40 0 0 18 13 64 62 60 0 5 9 16 14 6 37 20 0 0 0 29 0 55 21 27 51 47 46 44 3 28 42 45 11 17 43 48 24 0 54 0 4 7 0 8 0 0 63
54 43 24 17 0 10 11 48 0 0 5 0 60 6 16 0 23 63 34 4 0 7 0 8 0 30 33 32 61 0 36 56 42 3 44 46 51 28 47 0 21 29 0 12 41 19 0 20 25 1 49 52 58 38 22 59 0 31 13 0 62 18 64 40
41 0 20 12 0 39 0 19 45 10 54 43 0 0 48 17 0 37 0 60 14 26 6 9 1 49 59 0 58 52 38 25 0 23 34 7 63 8 4 53 0 40 31 13 0 2 62 64 51 47 0 27 0 42 0 44 0 57 30 61 32 0 36 0
0 0 42 46 0 28 47 3 25 0 59 52 1 38 58 49 61 56 33 57 0 0 0 32 0 17 0 10 0 43 24 0 64 0 35 0 40 0 31 0 53 63 4 7 34 23 8 50 29 55 12 21 19 20 39 41 5 60 26 16 9 14 6 37
9 6 16 0 60 25 26 59 4 0 8 0 0 0 0 15 35 0 28 0 0 18 3 40 13 14 62 37 5 0 2 31 0 41 22 0 1 29 49 38 24 11 17 0 10 44 0 48 57 0 43 0 54 61 0 0 39 12 53 0 63 0 19 55
10 24 48 0 11 51 17 44 60 0 9 0 26 16 0 52 33 4 8 7 50 0 23 56 30 43 32 0 54 36 61 0 3 0 28 18 47 40 46 42 0 55 12 53 39 34 63 19 1 49 21 38 41 58 0 0 62 13 14 5 37 64 2 31
8 0 23 15 4 56 7 0 47 0 28 42 46 3 35 18 41 0 22 49 38 21 58 29 12 0 0 63 34 20 19 55 0 0 32 43 57 45 30 36 6 60 26 52 9 0 25 16 0 0 0 64 0 2 37 0 0 0 27 44 0 24 0 11
28 42 3 18 47 40 0 35 1 29 0 38 0 58 41 0 54 0 32 30 36 43 0 0 17 0 10 51 44 24 48 0 2 5 62 14 0 37 13 0 50 0 7 0 8 33 56 0 55 0 0 20 34 19 0 39 9 0 52 59 25 6 16 0
22 38 0 21 1 0 0 41 57 45 0 36 30 0 54 43 5 0 62 13 64 14 2 37 26 52 9 0 59 0 16 60 19 34 39 0 55 63 12 20 0 0 46 18 28 35 40 0 11 17 27 24 44 48 51 10 8 7 15 0 56 50 23 4
32 36 61 0 57 45 30 54 31 37 62 64 13 2 5 0 34 55 39 12 20 53 19 63 0 15 8 56 33 50 0 4 0 44 10 27 11 51 17 24 38 0 49 21 22 41 0 0 60 26 0 6 0 16 0 9 28 0 18 35 40 42 0 47
62 0 2 14 31 0 13 5 0 0 39 0 12 19 34 53 44 11 10 17 0 27 48 51 0 18 28 40 0 42 0 47 16 59 9 52 60 0 26 6 0 57 30 43 32 54 45 61 0 7 15 50 33 0 0 8 22 49 0 41 29 38 0 1
39 20 19 53 55 63 0 34 11 51 10 24 17 0 0 27 0 60 0 26 6 52 0 25 49 21 22 29 41 38 58 1 23 33 8 15 4 56 7 50 64 31 13 14 62 5 37 2 47 0 18 42 0 3 40 28 32 30 43 0 45 36 0 57
43 45 11 10 61 0 54 17 2 6 0 37 5 0 26 9 7 19 53 34 63 0 4 50 33 32 15 36 30 56 0 23 47 46 27 28 0 42 44 51 29 58 41 39 21 12 20 55 16 59 22 0 49 1 38 52 18 35 62 13 0 0 31 3
21 0 55 39 58 20 41 0 0 24 43 45 54 11 17 10 0 0 14 0 37 9 60 6 59 0 52 38 0 25 1 16 4 7 0 8 19 50 0 63 0 3 35 62 0 13 64 31 48 44 28 51 46 47 42 0 15 33 32 30 36 56 57 23
18 40 31 62 0 64 35 0 58 20 21 29 41 55 12 39 17 61 43 54 45 10 11 24 44 28 0 42 0 51 0 48 0 26 14 9 2 6 5 37 56 23 33 32 15 30 36 57 19 34 8 63 7 4 50 53 52 59 22 0 38 25 0 0
0 56 57 0 23 36 0 30 0 64 0 0 35 31 13 62 0 0 21 41 29 39 55 20 34 8 53 0 7 63 4 19 11 17 0 10 61 24 0 45 25 0 0 22 52 49 38 1 2 5 9 37 26 0 6 14 27 44 28 0 42 51 47 0
14 0 60 0 2 6 0 26 19 50 53 63 34 4 7 0 46 48 27 44 51 0 47 42 0 62 18 64 13 40 31 3 1 0 0 22 16 38 0 25 0 0 54 10 0 17 24 0 23 0 32 56 0 57 0 15 21 41 39 12 20 29 55 58
0 0 47 0 48 42 44 0 0 38 0 25 59 1 49 22 30 23 15 0 56 32 57 0 54 10 43 24 17 45 0 61 31 13 18 62 3 64 35 40 63 19 34 8 0 7 50 0 58 41 39 0 12 55 20 0 14 5 0 0 6 37 60 2
52 25 1 22 16 38 0 0 23 36 15 56 0 57 30 0 13 3 0 35 40 0 31 64 5 9 14 6 26 37 60 2 0 12 21 39 58 0 41 29 51 48 44 28 0 46 42 47 61 54 10 45 17 0 24 43 53 0 0 7 50 63 4 19
53 63 4 0 19 50 0 7 48 42 27 0 44 47 0 28 0 16 52 59 0 0 1 38 41 39 21 20 0 29 55 58 57 0 15 0 23 36 0 56 37 0 5 0 0 26 6 0 3 35 62 40 13 0 64 18 0 54 0 0 0 45 11 61
51 48 0 42 17 0 27 0 0 1 25 16 52 59 22 38 32 7 56 15 23 36 33 57 43 0 45 11 10 61 54 30 35 62 40 64 46 31 18 3 0 12 53 50 0 0 4 0 0 21 0 58 39 41 55 0 0 14 6 9 60 2 5 13
0 23 33 36 7 57 15 32 46 31 40 3 0 35 62 64 39 49 29 21 58 0 41 55 53 50 63 4 8 19 0 12 0 10 45 0 30 11 43 0 16 26 52 0 25 22 1 59 13 14 0 2 9 5 60 0 51 27 42 28 47 48 44 17
40 3 0 64 46 31 18 62 49 55 29 58 0 0 39 0 10 30 45 0 61 0 54 11 27 42 51 47 28 48 44 17 0 9 37 0 13 60 0 2 0 7 0 36 56 32 57 33 12 53 50 19 0 34 4 63 25 52 38 0 1 16 0 26
45 61 54 24 30 0 43 10 13 0 37 0 0 5 9 6 8 12 63 53 19 50 0 4 0 0 56 57 32 23 33 7 44 0 51 42 0 47 0 48 58 49 0 20 29 39 0 41 0 52 0 16 22 59 1 25 40 18 64 62 0 3 35 46
0 19 34 50 12 4 0 8 17 0 51 48 27 44 28 42 0 26 0 52 16 38 59 0 21 20 29 0 0 58 41 49 33 32 0 36 7 57 15 23 2 0 0 6 0 9 60 0 46 0 64 0 0 0 31 40 0 0 0 10 11 61 54 30
29 0 41 20 49 55 21 39 0 11 0 0 43 54 0 0 9 0 37 14 2 6 0 60 52 0 25 1 22 16 0 26 34 8 63 50 12 4 0 19 0 0 18 64 40 62 31 0 17 27 42 48 28 0 47 51 56 0 36 32 0 23 33 0
0 16 0 38 26 1 52 22 7 0 56 23 15 33 0 36 62 0 40 0 3 64 35 31 0 6 0 60 9 2 5 13 0 39 29 20 0 55 21 58 48 17 0 42 51 0 47 44 30 0 0 61 10 54 11 0 0 53 0 8 0 0 34 0
0 2 5 6 13 0 14 9 12 4 63 0 0 34 8 50 28 0 51 27 48 42 44 47 18 64 0 31 62 3 0 46 59 22 25 38 26 1 52 16 61 0 43 24 45 10 11 54 7 15 36 23 0 33 57 56 29 21 20 39 55 0 0 0
36 0 30 45 33 61 0 43 35 2 64 31 62 13 14 37 0 0 0 39 0 0 12 0 8 56 50 23 15 0 7 0 17 27 24 51 54 0 10 0 1 59 22 29 38 21 58 49 0 9 25 60 52 26 16 6 42 0 40 18 3 0 0 44
38 1 0 29 59 58 22 21 33 61 0 57 32 30 43 0 0 35 0 0 31 37 13 2 9 25 6 0 0 0 26 5 12 0 20 63 41 0 39 55 47 44 0 0 42 18 3 0 0 0 51 11 27 17 48 24 50 8 0 15 23 4 0 34
42 47 0 40 44 3 28 0 59 58 38 1 0 0 21 29 0 0 36 32 57 45 30 61 10 51 24 48 0 11 0 54 0 0 0 0 0 2 62 0 0 0 8 56 50 15 0 7 41 39 63 55 53 0 0 20 6 9 25 52 16 60 0 5
50 0 7 0 0 0 0 0 0 3 42 47 0 46 18 40 21 59 38 22 1 29 49 58 39 63 20 19 53 0 12 41 30 43 0 45 33 61 32 57 60 5 9 0 6 52 0 0 35 62 37 0 0 13 0 0 0 10 51 27 48 11 17 54
64 0 0 37 35 0 62 14 41 19 20 0 0 12 53 63 0 54 24 10 11 51 17 48 0 0 0 0 18 47 46 44 26 52 6 25 0 0 9 60 57 33 0 45 36 43 61 0 34 8 56 4 15 7 23 0 0 0 29 0 58 0 49 0
6 60 26 25 5 0 9 52 34 23 50 4 0 7 15 0 18 44 42 0 47 0 46 3 62 37 64 2 14 31 13 35 0 0 38 0 0 58 22 1 11 54 10 51 24 27 0 17 0 32 45 57 43 30 61 36 20 0 63 53 19 0 12 0
24 0 17 51 54 48 10 27 0 16 6 60 9 26 52 25 15 34 50 8 4 56 7 23 32 45 36 0 43 57 0 33 46 18 42 40 44 0 0 0 55 0 39 0 0 53 19 12 0 22 29 1 21 49 58 38 64 62 37 14 2 31 0 35
20 55 12 0 41 19 39 53 0 48 24 11 0 0 0 51 52 0 6 9 0 25 26 16 22 0 38 58 21 0 49 59 0 15 50 56 34 23 8 4 0 35 62 0 0 14 2 13 0 28 40 47 18 0 3 42 36 32 45 0 0 0 30 33
7 0 0 33 50 0 23 57 42 18 46 28 0 40 0 35 55 38 49 58 22 41 0 21 19 34 12 0 0 39 63 0 45 11 30 0 36 43 61 32 9 6 0 59 26 1 0 25 0 2 0 62 60 37 14 13 17 48 44 47 0 10 0 24
13 62 37 5 0 14 2 0 0 53 12 39 0 0 4 34 47 24 17 0 10 0 51 27 0 0 46 18 31 28 40 42 25 1 26 59 6 52 0 9 32 0 61 54 30 11 43 45 50 0 33 8 57 56 15 7 49 58 41 55 21 22 29 38
0 32 45 54 36 43 0 11 64 14 0 62 2 37 60 5 4 20 0 0 39 34 63 53 23 0 7 15 57 8 56 0 51 0 17 0 24 27 0 0 22 38 58 0 49 0 21 29 6 16 0 9 1 25 52 26 46 3 35 0 18 28 40 0
46 28 40 35 42 18 3 31 38 21 49 22 58 29 0 41 0 36 30 0 32 54 45 0 0 0 17 27 47 10 51 24 37 0 13 5 0 14 0 0 8 0 23 0 0 57 15 0 20 19 34 39 4 0 53 12 26 0 59 1 52 9 25 6
0 9 25 59 0 52 16 1 50 15 7 8 0 56 57 0 31 0 46 0 28 0 40 18 2 5 13 14 0 62 37 64 29 55 49 41 0 0 0 22 10 24 0 44 0 0 0 0 36 61 54 0 11 45 43 30 12 19 0 0 53 39 63 0
0 0 29 41 38 21 0 55 0 43 30 32 0 0 11 0 60 0 0 2 62 5 37 14 0 59 26 52 1 0 25 6 63 4 12 34 20 53 19 39 0 42 3 35 46 31 0 40 24 48 0 10 0 51 0 17 0 23 33 0 15 8 56 50
17 10 51 44 0 0 0 47 6 0 26 9 0 25 1 0 57 50 7 23 8 0 0 0 61 54 30 43 11 32 0 36 0 31 46 35 42 18 0 0 0 20 19 34 0 0 0 63 38 58 41 22 55 29 21 49 13 2 5 60 14 0 37 64
12 39 63 34 20 53 0 4 24 0 0 10 48 51 47 44 1 6 0 16 9 59 25 52 58 41 0 21 55 22 29 38 56 57 7 33 50 15 0 8 0 0 2 5 13 60 14 37 0 0 0 28 0 40 18 0 30 61 54 11 0 0 0 0
47 44 28 3 0 46 42 0 0 0 1 59 0 0 29 58 45 15 57 36 33 61 32 0 24 48 11 0 51 54 10 0 62 0 31 0 18 0 0 0 0 0 50 23 4 56 7 8 21 20 19 0 63 39 12 55 60 6 16 25 0 5 9 14
1 59 0 58 52 49 0 29 15 30 57 33 36 32 45 61 37 18 0 64 0 2 0 0 6 0 60 26 0 5 0 0 39 63 55 0 0 0 20 41 0 27 0 3 47 0 46 28 0 24 48 54 51 10 17 0 4 50 0 56 0 34 8 53
4 34 8 0 53 7 50 56 0 46 47 0 42 28 0 3 29 52 1 0 59 58 22 49 20 19 0 12 0 41 39 21 0 0 57 61 15 30 36 33 5 0 6 0 60 0 26 9 18 64 0 0 37 62 13 31 11 0 48 51 17 54 10 43
0 41 0 0 0 12 0 63 43 17 11 54 24 10 51 0 25 14 0 6 5 0 0 0 38 58 1 49 0 0 0 0 0 56 4 23 0 0 50 34 35 18 0 2 31 37 13 0 27 42 0 44 0 28 46 47 57 36 61 45 30 33 32 0
0 35 62 2 0 13 0 0 0 12 55 41 0 39 0 0 0 43 11 24 54 48 10 17 42 3 47 0 40 44 28 27 0 25 60 16 14 0 6 5 0 15 36 61 57 45 30 32 53 50 23 0 0 0 7 4 1 0 58 29 49 59 22 52
11 54 0 48 43 0 24 0 14 26 60 5 6 9 25 16 56 53 4 50 34 0 8 7 36 0 57 30 45 33 32 15 0 40 47 3 27 46 42 44 41 21 20 0 55 0 12 39 0 0 58 59 29 22 49 1 31 0 2 37 13 35 0 0
0 0 0 16 0 26 6 25 53 0 4 34 50 8 56 23 40 27 47 42 0 0 28 46 64 2 0 13 37 35 62 18 0 29 1 58 52 0 38 0 54 0 24 48 11 51 17 0 15 0 61 33 0 32 0 57 55 20 19 63 12 41 0 21
57 0 32 61 15 30 36 0 18 13 31 35 64 62 37 2 0 21 0 0 0 19 39 12 50 0 4 7 56 34 8 53 10 0 0 48 43 17 0 54 0 52 38 58 1 29 49 22 14 6 16 5 25 9 26 0 0 42 3 40 46 44 28 27
0 0 18 31 0 35 0 64 22 41 58 49 29 0 20 0 24 32 61 45 30 11 43 0 51 0 48 44 42 0 27 10 14 6 2 60 62 5 37 13 7 8 56 0 0 36 33 15 39 63 0 12 0 53 34 19 16 25 0 38 59 26 52 9
0 12 53 4 0 34 63 50 10 0 48 0 51 27 42 0 38 9 16 25 0 1 0 59 29 0 0 41 20 49 21 22 15 0 23 57 0 33 56 7 13 62 0 60 2 6 5 14 28 0 31 46 64 18 0 0 61 45 11 0 54 0 0 0
58 49 21 0 22 41 29 20 0 54 0 30 45 43 24 0 6 62 2 37 13 0 14 5 25 0 16 59 0 26 52 9 53 50 19 4 39 0 63 12 46 0 40 31 3 64 0 18 10 51 47 17 42 27 44 48 0 56 57 36 33 7 15 0
0 0 14 0 62 0 37 6 39 34 19 0 63 53 50 4 42 10 0 0 17 47 27 44 40 31 3 35 64 46 0 28 52 0 16 1 0 59 25 26 30 32 45 11 0 0 0 43 0 56 0 7 0 0 33 23 58 29 55 20 41 49 21 22
48 17 27 47 10 44 51 42 9 0 0 26 25 0 0 1 36 8 23 56 7 57 15 33 45 0 61 54 24 30 0 32 18 64 3 0 28 35 40 46 0 0 63 4 19 50 34 53 0 0 0 49 20 21 41 0 2 37 60 6 0 0 14 0
23 7 15 57 0 33 56 36 28 0 3 46 0 18 64 31 20 22 58 29 49 55 0 41 63 4 19 34 50 12 53 39 0 24 61 11 32 54 45 30 0 9 0 1 0 38 59 0 0 37 60 13 6 14 0 0 48 51 0 42 44 0 27 10
16 26 0 1 9 59 25 38 0 33 23 0 56 15 36 57 64 28 3 40 46 31 18 0 0 60 2 5 6 0 14 62 21 0 58 0 22 0 29 49 17 10 51 47 0 0 44 27 32 45 11 0 24 0 0 61 19 63 4 0 34 0 53 0
0 30 43 11 32 0 0 0 0 5 0 13 37 14 6 60 50 39 19 63 12 0 53 34 0 57 23 33 36 0 15 8 27 42 48 47 10 0 51 17 49 22 29 55 58 20 0 21 9 25 1 26 38 52 59 16 0 0 31 64 35 46 0 28
