25

0 0 5 6 0 19 12 0 18 4 0 0 10 0 14 0 0 3 21 24 7 11 0 15 0
14 0 10 25 17 8 11 15 0 0 4 0 12 0 19 22 0 0 6 20 13 0 2 0 24
19 4 12 23 18 2 3 0 24 13 7 0 11 15 0 14 0 10 25 17 16 0 22 6 20
0 0 0 0 1 22 0 6 20 16 13 24 3 21 2 0 4 12 23 0 0 10 14 0 17
2 13 0 21 24 14 10 25 17 9 16 20 5 6 0 8 0 11 15 1 4 0 19 23 18
13 3 24 2 0 9 17 14 15 10 5 0 20 22 0 7 11 1 0 0 12 18 4 19 21
0 11 1 0 6 16 20 22 0 5 0 25 24 2 13 4 12 0 19 0 0 0 0 14 15
16 5 0 22 0 4 18 0 21 12 10 15 17 0 0 13 3 0 0 0 11 1 7 8 6
9 0 17 0 15 7 1 8 6 0 12 0 18 19 4 0 5 20 22 23 3 24 13 2 25
4 12 18 19 0 13 0 0 25 3 0 6 1 8 7 0 0 17 0 15 5 0 0 22 0
5 20 0 16 19 12 0 4 0 0 17 8 15 0 10 0 24 25 0 14 0 6 11 7 22
3 0 0 13 14 0 0 9 8 17 20 19 0 16 0 0 1 6 7 22 0 21 12 4 2
12 18 21 0 0 0 0 13 0 0 1 0 0 0 11 10 0 15 0 8 20 23 5 16 19
0 1 0 0 22 0 23 0 19 0 24 14 0 0 0 12 0 21 4 2 17 15 0 0 8
10 17 0 9 8 11 6 0 22 1 18 0 21 0 12 0 20 0 0 0 24 25 3 13 14
0 0 2 12 0 24 0 3 9 0 0 0 22 11 1 0 0 8 10 7 23 19 20 5 4
24 25 14 3 0 17 8 0 7 0 23 4 19 0 20 1 6 22 11 16 0 2 0 0 0
17 15 0 10 0 0 22 0 16 6 21 13 0 12 0 0 0 19 5 4 25 14 0 0 9
1 0 22 11 16 20 19 0 4 0 25 9 14 3 24 18 21 2 12 13 0 8 0 0 0
20 23 19 5 4 18 0 0 13 21 15 7 8 10 17 24 25 0 3 9 6 0 1 0 16
21 0 0 18 3 25 9 24 10 14 22 0 16 1 6 15 0 0 17 11 0 4 23 20 12
15 8 7 0 11 0 16 0 5 0 2 3 0 18 0 0 19 4 0 12 14 9 25 24 10
23 0 4 20 12 21 13 18 0 2 8 0 0 17 15 0 14 9 0 10 0 16 0 1 5
0 22 16 1 0 23 0 20 12 19 14 10 9 0 0 0 0 13 18 0 0 7 15 17 0
25 14 9 24 0 15 7 17 11 8 0 0 4 0 23 0 0 16 1 5 2 13 21 0 3
